1
10
15
12
15
17
11
15
14
15
13
15
3 2 1
9 3 2
8 4 2
3 5 2
10 6 4
8 7 5
10 8 7
4 9 7
1 10 7
2
10
15
12
15
17
11
15
14
15
13
15
3 2 1
9 3 2
8 4 2
3 5 2
10 6 4
8 7 5
10 8 7
4 9 7
1 10 7
3
10
15
12
15
17
11
15
14
15
13
15
3 2 1
9 3 2
8 4 2
3 5 2
10 6 4
8 7 5
10 8 7
4 9 7
1 10 7
4
10
15
12
15
17
11
15
14
15
13
15
3 2 1
9 3 2
8 4 2
3 5 2
10 6 4
8 7 5
10 8 7
4 9 7
1 10 7
5
10
15
12
15
17
11
15
14
15
13
15
3 2 1
9 3 2
8 4 2
3 5 2
10 6 4
8 7 5
10 8 7
4 9 7
1 10 7
6
10
14
12
18
19
18
19
12
16
12
15
10 2 1
8 3 2
8 4 2
5 5 4
8 6 4
10 7 4
9 8 5
4 9 7
3 10 7
7
10
14
12
18
19
18
19
12
16
12
15
10 2 1
8 3 2
8 4 2
5 5 4
8 6 4
10 7 4
9 8 5
4 9 7
3 10 7
8
10
14
12
18
19
18
19
12
16
12
15
10 2 1
8 3 2
8 4 2
5 5 4
8 6 4
10 7 4
9 8 5
4 9 7
3 10 7
9
10
14
12
18
19
18
19
12
16
12
15
10 2 1
8 3 2
8 4 2
5 5 4
8 6 4
10 7 4
9 8 5
4 9 7
3 10 7
10
10
14
12
18
19
18
19
12
16
12
15
10 2 1
8 3 2
8 4 2
5 5 4
8 6 4
10 7 4
9 8 5
4 9 7
3 10 7
